defaultdict(<class 'list'>,
            {'auc': 0.5119269123181766,
             'correlation': -0.0157407526910723,
             'f1': 0.033909798398600435,
             'precision': 0.3365251727541954,
             'r_precision': 0.38186084056337466,
             'recall': 0.018642959000590775,
             'rouge1': 0.054136422241237665,
             'rouge2': 0.006245677742320686,
             'rougeL': 0.05274097313045156,
             'rougeLsum': 0.05274097313045156,
             'span_accuracy': 0.021830392488760512,
             'span_exact_match': 0.0})

