defaultdict(<class 'list'>,
            {'auc': 0.5388520208783719,
             'correlation': -0.012085763047612172,
             'f1': 0.0727408794096922,
             'precision': 0.32228302908605466,
             'r_precision': 0.4005036181424054,
             'recall': 0.0501856261740192,
             'rouge1': 0.04813373961219395,
             'rouge2': 0.02783055916047058,
             'rougeL': 0.04732801744525448,
             'rougeLsum': 0.04732801744525448,
             'span_accuracy': 0.061670388830305366,
             'span_exact_match': 0.0037254901960784305})

